-0.165955,
-0.348389,
0.440643,
0.779663,
-0.999786,
0.503418,
-0.395325,
0.525269,
-0.706482,
-0.061035,
-0.815308,
-0.578461,
-0.627472,
-0.917053,
-0.308868,
-0.356354,
-0.206451,
-0.925781,
0.077637,
0.387726,
-0.161621,
0.340698,
0.370453,
-0.139069,
-0.591095,
0.535583,
0.756226,
0.072021,
-0.945221,
-0.920288,
0.340942,
-0.730408,
-0.165405,
-0.613159,
0.117371,
-0.328674,
-0.719238,
-0.895386,
-0.603790,
0.210236,
0.601501,
0.024109,
0.936523,
0.234924,
-0.373138,
-0.135284,
0.384644,
0.695404,
0.752777,
-0.091888,
0.789215,
-0.969208,
-0.829926,
0.746124,
-0.921906,
0.312408,
-0.660339,
0.645996,
0.756287,
0.903564,
-0.803314,
-0.898163,
-0.157776,
-0.529846,
0.915771,
-0.873322,
0.066345,
-0.156677,
0.383759,
0.727661,
-0.368958,
-0.836761,
0.373016,
-0.053772,
0.669250,
-0.748901,
-0.963409,
0.545776,
0.500275,
0.682831,
0.977722,
-0.913422,
0.496338,
-0.027130,
-0.439117,
-0.521179,
0.578552,
0.904938,
-0.793549,
0.887787,
-0.104218,
0.227875,
0.817200,
0.946960,
-0.412781,
-0.310272,
-0.424438,
0.795715,
-0.739929,
-0.130798,
-0.961273,
-0.528381,
0.357666,
0.881653,
-0.576752,
0.368439,
-0.468903,
-0.870178,
-0.016846,
0.740845,
-0.893280,
0.402771,
0.148224,
0.209839,
-0.706543,
0.464752,
0.178619,
-0.493134,
0.399506,
0.200989,
-0.795319,
0.629242,
-0.171875,
-0.891785,
0.388794,
-0.738983,
-0.171631,
0.684906,
-0.900085,
0.236694,
0.071808,
0.062561,
0.327576,
-0.503418,
0.029785,
-0.409851,
0.889191,
0.745361,
0.173096,
-0.156677,
0.806793,
-0.871124,
-0.725037,
0.793976,
-0.721436,
-0.593231,
0.614777,
0.652466,
-0.204651,
0.763550,
-0.669281,
-0.026489,
0.855011,
0.196930,
-0.304474,
0.054535,
0.501617,
0.249634,
0.451996,
0.710083,
0.766602,
-0.435730,
0.247345,
0.767517,
0.501892,
0.135376,
-0.302216,
-0.769806,
-0.460144,
-0.545990,
0.791779,
0.191956,
-0.143829,
-0.521118,
0.929688,
-0.737183,
0.326874,
-0.676300,
0.243378,
0.689758,
-0.770508,
0.204376,
0.898987,
0.927124,
-0.100189,
-0.308655,
0.156769,
0.191254,
-0.183716,
0.197968,
-0.525940,
0.231415,
0.806763,
-0.881653,
0.147369,
0.500641,
-0.994263,
0.896423,
0.234283,
0.069366,
-0.346710,
-0.614899,
0.054108,
0.505859,
0.771881,
-0.985352,
-0.285461,
-0.343475,
0.817078,
0.835205,
0.246735,
0.176727,
-0.968353,
0.710388,
0.858887,
0.209351,
0.381805,
0.645142,
0.994659,
0.758972,
-0.655304,
-0.358032,
-0.725739,
-0.754089,
0.865204,
0.442596,
0.393646,
-0.119293,
-0.868011,
-0.746521,
0.510925,
0.179657,
0.507751,
-0.927856,
0.846039,
-0.599640,
0.423035,
0.576599,
-0.751465,
-0.975800,
-0.960236,
-0.393311,
-0.947571,
-0.957245,
-0.943390,
0.994965,
-0.507568,
0.164063,
0.720062,
-0.413239,
0.077667,
0.857910,
0.105652,
0.014252,
0.684052,
-0.090607,
-0.751648,
0.175751,
-0.441620,
-0.471710,
0.171509,
-0.389435,
0.939178,
-0.256683,
0.122070,
-0.511108,
-0.962708,
0.169098,
0.601257,
0.391693,
-0.534058,
-0.856110,
0.614197,
0.942169,
-0.224274,
0.506134,
0.727081,
0.612335,
0.494232,
0.503296,
0.112488,
-0.839874,
-0.727081,
-0.036621,
-0.880157,
-0.108643,
-0.757324,
0.344940,
-0.910889,
-0.102539,
-0.785004,
0.408630,
-0.548584,
0.363281,
0.425964,
0.394287,
0.119446,
0.237213,
-0.974884,
-0.698029,
-0.856049,
0.521606,
0.934540,
0.562103,
0.136200,
0.808197,
-0.593414,
-0.532471,
-0.495361,
-0.646637,
0.487640,
-0.217804,
-0.609131,
-0.358856,
0.162720,
0.630951,
0.940033,
0.227051,
0.693665,
0.519989,
-0.520294,
-0.144684,
-0.012451,
-0.801117,
0.239899,
-0.769928,
0.657959,
-0.253174,
-0.686432,
-0.612305,
-0.962860,
0.641479,
-0.859955,
0.199280,
-0.027313,
0.377686,
0.212646,
-0.017792,
0.137695,
-0.823639,
-0.365265,
-0.529846,
0.977234,
-0.076782,
0.159485,
-0.602814,
-0.239716,
-0.949036,
0.101898,
0.458801,
0.490662,
0.449829,
0.338470,
-0.339203,
-0.470154,
0.686981,
-0.867340,
-0.143127,
-0.259827,
0.729370,
0.259430,
0.314117,
-0.579651,
0.162079,
0.505524,
-0.598541,
-0.866913,
0.059082,
-0.479370,
0.788879,
0.609497,
-0.390015,
-0.613129,
0.741882,
0.278931,
0.817505,
0.049347,
-0.340302,
0.849609,
0.366150,
-0.473419,
0.798431,
-0.868073,
-0.848602,
0.470123,
0.757172,
0.544342,
-0.618317,
0.815643,
0.699524,
0.863953,
0.334229,
-0.972107,
-0.311310,
-0.531281,
-0.697235,
0.233551,
0.270752,
0.898041,
0.695587,
0.900360,
0.643707,
0.113312,
0.256470,
0.831207,
0.912598,
0.283142,
0.179840,
-0.219971,
-0.604340,
-0.028015,
-0.141327,
0.208618,
-0.326508,
0.099091,
0.983887,
0.852356,
-0.239532,
0.837463,
0.985413,
-0.210236,
0.037598,
0.926514,
-0.655426,
-0.652100,
-0.850861,
-0.747345,
-0.259399,
-0.729828,
-0.753174,
0.011322,
0.269043,
-0.956940,
-0.172150,
0.895935,
0.981842,
0.654236,
0.859924,
-0.969971,
-0.701538,
-0.647614,
-0.210236,
-0.335876,
-0.076843,
-0.738007,
0.121887,
0.618988,
0.560730,
-0.310516,
-0.025604,
0.880219,
-0.160004,
0.164032,
-0.476013,
0.757660,
0.821625,
0.689484,
-0.955444,
0.810791,
0.642242,
-0.080231,
-0.623077,
0.092682,
0.371521,
0.597198,
-0.289581,
-0.428558,
0.948425,
-0.019501,
-0.754456,
0.198212,
-0.624847,
-0.968933,
0.778900,
0.186951,
0.166809,
-0.132660,
-0.381500,
0.614716,
-0.998474,
-0.369507,
-0.544800,
0.785767,
-0.709198,
0.155701,
-0.593140,
-0.631989,
0.792633,
0.575867,
0.746185,
0.224060,
0.400574,
-0.892181,
-0.058990,
-0.159607,
0.654266,
0.358124,
-0.008362,
0.837189,
-0.273010,
-0.999207,
-0.448792,
0.953522,
0.849487,
-0.246826,
-0.226013,
0.947571,
-0.014252,
0.209442,
-0.491119,
0.657684,
0.769928,
0.149414,
-0.233459,
0.256165,
-0.404846,
-0.428833,
0.435181,
0.173676,
-0.618256,
0.500031,
-0.763611,
0.716614,
0.673981,
0.510162,
0.488281,
0.396118,
0.181030,
0.728973,
-0.514221,
-0.354645,
0.246490,
0.341583,
0.276703,
-0.098267,
-0.344849,
-0.235809,
-0.865021,
-0.178375,
0.761078,
-0.197052,
-0.080078,
-0.365234,
0.527740,
0.243835,
-0.492218,
-0.139496,
0.182770,
0.947601,
-0.142395,
0.355591,
-0.235809,
-0.602875,
-0.746582,
-0.146606,
-0.511475,
-0.313293,
-0.841309,
0.595276,
-0.394287,
0.760010,
0.483398,
0.807678,
0.230042,
0.325439,
0.344818,
-0.459595,
-0.983246,
-0.495270,
0.356750,
0.709808,
0.006348,
0.055420,
-0.538177,
0.604309,
-0.650208,
0.144989,
-0.630035,
0.466278,
0.688507,
0.038025,
0.965179,
0.541779,
0.827484,
0.137726,
-0.305267,
-0.068573,
0.560455,
-0.314636,
0.092896,
-0.863586,
0.632874,
-0.244141,
-0.032532,
-0.840759,
0.179901,
0.965637,
0.574524,
-0.636780,
-0.799530,
0.623718,
0.074005,
0.749908,
-0.268036,
0.376831,
0.208618,
0.138977,
0.917603,
-0.678070,
-0.214355,
-0.066254,
-0.214050,
-0.309662,
0.581268,
-0.549927,
0.290161,
0.185028,
-0.212219,
-0.375458,
0.377899,
0.832611,
-0.191986,
0.819275,
-0.727783,
-0.485748,
-0.098724,
-0.778229,
-0.331146,
-0.614075,
-0.564056,
-0.000824,
0.851563,
0.457184,
0.379272,
-0.583618,
0.197632,
-0.503937,
0.493317,
0.703339,
0.083954,
-0.168304,
0.401062,
0.233368,
0.861115,
-0.532654,
0.725220,
-0.796051,
-0.665131,
0.031708,
-0.473724,
-0.045715,
-0.856781,
-0.694672,
0.957336,
0.243622,
-0.527222,
0.088013,
0.321198,
0.308289,
-0.820740,
-0.710907,
-0.578461,
0.503052,
0.005646,
-0.555908,
-0.790100,
0.038696,
-0.222260,
0.570587,
0.075989,
-0.955353,
-0.321594,
-0.351288,
0.111786,
0.745850,
0.073547,
0.689423,
-0.218781,
0.076874,
0.392548,
0.733215,
0.356964,
0.899597,
0.374603,
0.652802,
0.122986,
0.708221,
-0.283844,
-0.802521,
0.226227,
0.302612,
0.871460,
0.407043,
0.193787,
0.220490,
0.959167,
0.599243,
-0.117981,
-0.930847,
0.479218,
0.540466,
-0.924805,
0.463470,
0.529449,
-0.480591,
0.036560,
-0.485870,
-0.989380,
0.264618,
-0.445587,
-0.309418,
0.069672,
0.593170,
0.535919,
-0.107697,
-0.893829,
0.565491,
0.098114,
0.980957,
0.601990,
-0.399506,
0.299164,
-0.713989,
0.862885,
0.802612,
-0.850525,
0.083130,
-0.446381,
0.949493,
0.838470,
0.273224,
0.529999,
0.987823,
0.199493,
0.092133,
0.665924,
0.052856,
0.792084,
-0.729156,
0.945435,
-0.288605,
0.997040,
-0.947571,
-0.720703,
-0.679199,
-0.858917,
0.491272,
-0.853058,
-0.939209,
-0.970520,
-0.266907,
0.943634,
0.724701,
-0.810455,
0.385345,
0.683472,
0.381897,
0.370331,
-0.622711,
-0.024872,
-0.116180,
-0.306610,
0.163147,
-0.292694,
0.979492,
-0.492310,
-0.592194,
0.822021,
-0.504547,
0.451294,
-0.475647,
-0.948151,
0.500336,
-0.076965,
-0.086060,
-0.437408,
-0.886139,
-0.942078,
0.017029,
0.769379,
-0.576080,
0.542023,
0.597198,
-0.340515,
-0.405334,
0.593109,
-0.944794,
-0.350739,
0.186859,
-0.384247,
0.687683,
0.856232,
-0.237976,
0.953827,
0.499725,
0.047119,
0.022278,
0.903870,
0.081909,
0.776001,
0.918854,
0.036072,
0.607910,
-0.254517,
-0.935364,
0.420715,
0.418762,
-0.088715,
-0.070007,
0.210419,
0.895111,
0.980804,
-0.557129,
0.547821,
-0.465851,
-0.331451,
-0.837067,
-0.821991,
-0.142761,
-0.630188,
-0.781952,
0.053711,
0.267578,
-0.165802,
0.605927,
0.601318,
0.393616,
0.866394,
0.532410,
-0.644257,
-0.315094,
0.720123,
0.691711,
0.914795,
-0.142456,
0.918945,
0.648010,
-0.924286,
0.252991,
-0.884827,
-0.713165,
-0.988403,
-0.843231,
-0.374634,
-0.963348,
-0.888611,
-0.866547,
-0.412262,
-0.082825,
-0.287964,
-0.773315,
0.907349,
-0.944427,
-0.046112,
0.509735,
-0.443512,
-0.210297,
0.006012,
0.493866,
0.286713,
-0.095184,
-0.777496,
-0.099823,
0.516113,
-0.043854,
0.703888,
-0.052002,
0.688507,
0.606323,
0.781006,
-0.195221,
-0.236328,
0.809387,
-0.112396,
-0.925873,
-0.796844,
0.547760,
-0.548401,
-0.748718,
0.942627,
0.237030,
-0.430756,
-0.979279,
0.814789,
0.077240,
0.781097,
-0.993958,
0.845001,
0.902374,
-0.687714,
0.810791,
0.759430,
0.591919,
0.263977,
0.830536,
-0.578735,
-0.708893,
-0.309753,
-0.684540,
-0.680176,
-0.624725,
-0.111298,
0.244995,
-0.832458,
0.811615,
-0.669373,
0.979919,
-0.605621,
0.422241,
0.382050,
0.463593,
0.147614,
0.818573,
0.746643,
-0.198242,
-0.510742,
-0.500305,
0.259216,
-0.653137,
-0.931152,
-0.761078,
0.032410,
0.625214,
0.726440,
-0.706421,
0.968262,
-0.471405,
-0.980255,
0.638184,
-0.494324,
-0.378815,
-0.552307,
0.964844,
-0.904938,
-0.466736,
-0.979645,
0.067322,
-0.019623,
-0.371063,
-0.909027,
0.821533,
-0.443329,
-0.266876,
0.279938,
-0.132813,
-0.410614,
0.024597,
-0.460693,
0.877777,
0.181091,
-0.938110,
-0.238922,
0.433746,
0.405060,
0.782043,
-0.007751,
-0.945435,
0.266418,
0.044098,
-0.293213,
-0.348022,
-0.425903,
0.718964,
-0.733582,
0.117035,
0.874176,
0.380463,
0.609680,
-0.094299,
0.876068,
0.256622,
-0.629242,
-0.419800,
0.866302,
-0.981293,
0.871521,
0.153503,
-0.432922,
-0.377106,
-0.450745,
0.034546,
0.102875,
0.832825,
-0.629425,
-0.147064,
-0.115784,
-0.505219,
-0.629364,
-0.257416,
0.894745,
0.863708,
-0.012360,
0.873749,
0.927826,
0.688660,
0.289886,
0.840424,
-0.031372,
-0.544189,
0.935394,
-0.825043,
-0.713623,
-0.545380,
0.264648,
-0.371246,
0.323792,
-0.650482,
-0.132324,
0.214203,
-0.881287,
-0.172821,
-0.014557,
0.632690,
-0.069733,
-0.629730,
0.613495,
0.403748,
-0.486664,
-0.519287,
-0.217133,
0.148438,
-0.519653,
-0.302032,
0.372894,
-0.886078,
0.979767,
-0.542358,
-0.645142,
0.328217,
0.642883,
-0.005493,
-0.538025,
0.038025,
-0.884033,
-0.650574,
-0.722382,
0.141418,
0.870300,
0.993500,
0.777069,
0.633667,
-0.421478,
0.188751,
0.895538,
0.951965,
0.699860,
0.803131,
-0.130676,
0.191223,
-0.063904,
-0.935150,
0.259705,
-0.812836,
-0.683929,
-0.869263,
-0.970428,
-0.096527,
-0.468964,
-0.249146,
-0.969116,
0.950714,
0.348999,
-0.664032,
0.102936,
0.945587,
-0.356689,
0.534943,
0.560394,
0.648468,
-0.708435,
0.265228,
-0.510254,
0.337463,
-0.415375,
-0.046234,
-0.608124,
-0.973724,
-0.824127,
-0.293976,
0.739960,
-0.015869,
-0.823608,
0.460175,
0.367432,
-0.062744,
-0.759186,
-0.085205,
-0.978607,
-0.724670,
0.114532,
-0.978210,
0.814209,
0.516571,
0.720917,
-0.360107,
-0.323090,
0.968781,
-0.945679,
-0.559540,
0.601715,
-0.322571,
0.611969,
0.047791,
0.736969,
0.509796,
0.339294,
-0.072296,
0.615570,
-0.750366,
0.794983,
-0.375000,
-0.092346,
0.009033,
0.115662,
0.347687,
0.012268,
0.540314,
0.383972,
-0.739319,
0.365814,
-0.954163,
0.040619,
0.038177,
0.656921,
0.619965,
0.011566,
-0.974792,
0.649719,
0.344940,
-0.436310,
0.373627,
-0.643005,
-0.101501,
0.939728,
0.829590,
0.483887,
0.288727,
-0.480408,
-0.989532,
0.162476,
-0.031128,
0.910522,
0.718628,
-0.838501,
0.660797,
-0.832947,
0.298309,
0.238281,
0.347382,
-0.551025,
0.157013,
0.530365,
-0.451752,
0.136292,
0.121063,
0.332367,
0.343445,
-0.784363,
-0.295135,
-0.831421,
0.711670,
0.250244,
-0.609924,
-0.180542,
0.494629,
-0.825500,
-0.420807,
-0.257874,
0.547607,
0.344299,
-0.144531,
-0.620819,
0.615387,
0.791473,
-0.292938,
0.899689,
-0.572601,
0.923157,
0.534576,
0.460175,
-0.382721,
-0.187408,
0.466492,
0.487488,
0.488953,
-0.424011,
-0.557220,
-0.371155,
-0.571777,
0.211792,
-0.602112,
0.189697,
-0.714966,
0.757324,
-0.245850,
-0.490784,
-0.946747,
0.532379,
-0.778168,
0.882019,
0.349121,
-0.997925,
0.599548,
-0.047821,
-0.838928,
0.314087,
-0.536591,
0.686646,
-0.584747,
-0.632507,
0.834656,
0.712311,
0.422638,
-0.271271,
0.107758,
0.784546,
-0.390961,
-0.944580,
0.669708,
-0.829224,
-0.129395,
0.962830,
0.846924,
0.218994,
0.412109,
-0.164734,
-0.043945,
-0.661560,
-0.747589,
0.299805,
0.952087,
-0.926056,
-0.680328,
-0.376770,
-0.594788,
-0.353027,
-0.137634,
0.214874,
-0.191589,
0.301666,
-0.706482,
0.692108,
0.458649,
0.855164,
-0.622498,
0.320923,
0.287781,
0.156342,
0.508606,
-0.202576,
-0.578522,
0.933228,
0.201904,
-0.691833,
0.497864,
0.790161,
0.276428,
-0.377960,
0.194244,
0.096985,
-0.409027,
0.364136,
0.463226,
-0.527069,
0.890625,
-0.664520,
-0.148865,
0.016968,
0.564362,
0.583740,
-0.887726,
0.384827,
0.670532,
-0.762054,
-0.615509,
0.801483,
-0.209808,
-0.040527,
-0.399841,
0.893341,
-0.839783,
0.106873,
0.809265,
-0.830383,
-0.259705,
-0.595062,
0.061401,
0.708466,
-0.011780,
0.411865,
-0.735687,
0.789886,
-0.587097,
-0.341705,
-0.847626,
0.056000,
0.015839,
0.300781,
-0.476898,
0.188568,
-0.285889,
-0.537079,
-0.783875,
-0.146362,
0.575104,
-0.503784,
-0.786835,
0.691223,
0.971405,
0.973358,
-0.645691,
-0.866852,
0.144806,
0.427856,
-0.910309,
-0.339783,
0.574219,
0.250885,
-0.620789,
-0.483734,
0.055817,
0.302002,
0.480164,
-0.257690,
-0.700134,
-0.410370,
0.102173,
0.823517,
-0.566772,
0.885010,
0.518402,
0.227112,
0.445831,
-0.571075,
-0.646912,
0.878845,
0.723938,
0.500916,
-0.960449,
0.502167,
0.720459,
-0.576569,
0.117798,
0.660309,
-0.193573,
-0.519806,
0.517487,
0.263245,
0.433868,
0.421478,
0.974640,
0.484772,
-0.443817,
-0.219482,
-0.992401,
0.519653,
0.867798,
0.805878,
0.715790,
0.174835,
0.457703,
-0.819183,
0.033386,
-0.742035,
0.413910,
-0.789490,
0.561066,
-0.654541,
-0.250244,
-0.747131,
0.540649,
0.556610,
0.501251,
-0.921173,
0.226410,
-0.516876,
-0.196259,
0.758118,
0.394623,
0.947052,
-0.993774,
0.210846,
0.549805,
0.952484,
0.792847,
-0.913086,
-0.521362,
0.897156,
-0.758453,
-0.377411,
-0.559418,
0.597931,
-0.395813,
0.621246,
0.766052,
0.720001,
0.086334,
-0.082886,
-0.426575,
0.861298,
-0.723297,
-0.484222,
-0.419708,
0.868896,
0.227753,
0.238251,
-0.351715,
0.970886,
-0.085266,
-0.934723,
-0.111755,
0.450348,
0.656281,
0.131104,
-0.147308,
-0.015137,
-0.308594,
-0.481567,
0.349945,
-0.346344,
-0.557037,
-0.501068,
-0.065521,
-0.561462,
-0.370483,
0.599335,
0.253723,
0.004791,
0.754730,
-0.833618,
-0.104614,
0.553955,
0.568909,
0.067291,
-0.086060,
0.478790,
0.312469,
0.030792,
-0.736328,
-0.200104,
-0.134033,
0.972504,
0.818634,
-0.943512,
0.210968,
0.865540,
0.533539,
0.861725,
0.009399,
-0.218170,
-0.003876,
-0.571075,
0.685791,
0.238434,
-0.864380,
-0.644043,
0.146545,
0.606415,
0.885529,
-0.492126,
0.035706,
-0.418396,
-0.611053,
0.831818,
0.695892,
0.805847,
-0.496735,
0.070770,
0.401459,
0.725677,
0.080536,
-0.294922,
0.897675,
0.995758,
0.248688,
-0.132629,
0.675964,
-0.410370,
-0.984131,
-0.916840,
0.978668,
0.979401,
-0.844574,
-0.070221,
-0.355743,
0.469177,
0.892303,
0.281616,
-0.982117,
0.446198,
0.645447,
-0.897766,
0.722412,
0.840088,
-0.120331,
0.853668,
-0.488495,
0.104004,
0.605377,
0.927826,
-0.044281,
-0.438080,
-0.731323,
0.204285,
0.855713,
-0.207062,
0.791931,
0.256042,
-0.016907,
-0.398743,
0.713409,
0.638702,
-0.162842,
-0.860443,
0.366943,
-0.916260,
-0.204010,
-0.901215,
0.011475,
-0.699097,
-0.620911,
-0.209290,
0.929993,
0.910767,
-0.411560,
-0.778412,
-0.793091,
0.295105,
-0.711365,
0.055237,
-0.971802,
-0.293518,
0.431885,
-0.603607,
0.128998,
-0.558807,
0.589142,
-0.912354,
0.014160,
0.426331,
0.583649,
0.307678,
0.391541,
-0.112457,
0.555695,
0.437866,
-0.187042,
-0.780060,
0.295532,
0.877441,
-0.640411,
0.695251,
-0.356354,
0.318085,
-0.654785,
-0.242340,
-0.182739,
-0.166870,
-0.517151,
-0.035706,
-0.186157,
0.870575,
0.950439,
0.727173,
-0.359375,
-0.044159,
0.964996,
0.109039,
0.272614,
0.750793,
-0.249817,
0.898529,
0.714966,
0.278381,
0.239166,
0.497040,
-0.495941,
-0.296753,
0.585724,
0.836060,
-0.134125,
0.673492,
-0.284973,
0.104126,
-0.339447,
0.735260,
0.394745,
0.699738,
-0.462708,
0.616821,
0.616547,
-0.738617,
-0.409424,
0.071991,
0.088257,
0.801575,
-0.024170,
0.541656,
0.710724,
-0.158569,
0.776764,
0.955750,
-0.631226,
-0.498444,
0.170685,
-0.332794,
0.796417,
0.908386,
-0.107758,
0.617432,
0.843750,
0.800690,
-0.442017,
-0.976807,
0.217651,
-0.240479,
0.364899,
-0.528961,
-0.543579,
-0.408142,
-0.972473,
0.475983,
-0.166565,
0.448181,
0.876953,
-0.076416,
-0.313934,
-0.269440,
0.559479,
0.169373,
-0.650513,
0.067413,
-0.316101,
0.101166,
-0.710815,
0.230957,
0.433533,
-0.208710,
0.398621,
0.543427,
0.376984,
-0.497589,
-0.493195,
0.311523,
0.384735,
0.920807,
-0.545410,
-0.992889,
-0.150696,
0.446716,
-0.256165,
-0.782013,
-0.289398,
0.087585,
-0.884705,
0.253845,
0.263306,
-0.514099,
0.414642,
0.827698,
0.227173,
0.244629,
0.296631,
-0.536621,
-0.660126,
0.540253,
-0.701111,
-0.788971,
0.028351,
0.110443,
0.750671,
-0.810089,
-0.632080,
0.161957,
-0.074310,
-0.494049,
-0.142120,
0.298920,
-0.005432,
0.431641,
-0.676971,
0.048370,
-0.315125,
0.315033,
-0.476227,
0.626587,
0.689056,
0.615021,
0.600677,
0.239349,
-0.146729,
-0.097809,
0.214020,
-0.184113,
-0.709076,
0.749481,
0.019226,
0.405853,
-0.406097,
-0.630127,
0.719299,
0.131470,
0.343201,
0.817627,
0.266937,
-0.698608,
-0.750488,
0.691040,
-0.058838,
0.640411,
0.973145,
-0.001312,
0.896606,
-0.924835,
0.290161,
-0.704987,
-0.696564,
0.845276,
0.278259,
-0.911682,
0.131317,
-0.255005,
-0.062683,
0.238068,
-0.143921,
-0.606110,
0.198547,
0.962158,
0.699951,
-0.688049,
0.502228,
0.079346,
0.158722,
0.236023,
0.849396,
-0.538025,
-0.870514,
-0.067383,
0.982697,
-0.017975,
-0.894012,
0.533722,
-0.601013,
0.268555,
-0.154480,
-0.064911,
-0.784973,
0.333893,
0.247345,
-0.093231,
-0.904022,
0.051422,
-0.430756,
0.317139,
-0.877930,
-0.637604,
0.407043,
0.576111,
0.336914,
0.205719,
-0.242828,
0.960663,
-0.623627,
-0.555237,
0.494019,
-0.067474,
-0.319244,
0.791290,
0.590607,
0.202881,
-0.024200,
0.451904,
0.051331,
-0.172668,
-0.943024,
0.368622,
0.288452,
0.892120,
-0.298676,
-0.599640,
-0.541595,
0.614716,
-0.132233,
0.939087,
-0.235077,
-0.970856,
-0.060425,
-0.569580,
0.958954,
-0.765259,
-0.271240,
0.534851,
0.548828,
-0.837555,
0.105530,
0.996826,
0.778259,
-0.220764,
-0.290100,
0.810394,
-0.508972,
-0.622833,
0.822052,
-0.118256,
-0.912933,
0.689636,
0.901520,
0.190552,
0.112823,
-0.075684,
-0.247284,
0.025299,
0.990112,
0.147766,
-0.883270,
-0.119354,
0.033417,
-0.612885,
-0.937805,
-0.772064,
0.142365,
-0.697540,
-0.639069,
-0.895020,
0.261932,
0.117340,
0.961853,
0.695435,
0.749817,
-0.281769,
-0.096313,
-0.849365,
0.416931,
-0.148560,
0.554932,
0.204010,
-0.010315,
-0.149200,
0.057068,
0.621429,
-0.698425,
0.883759,
-0.261200,
0.739807,
-0.715546,
0.407990,
0.453796,
-0.059387,
-0.045959,
0.365387,
-0.102234,
-0.973175,
0.772003,
0.964966,
0.055237,
-0.655853,
-0.181824,
0.812531,
-0.462219,
0.614227,
-0.855988,
0.600281,
-0.163727,
-0.462128,
-0.948486,
-0.561707,
-0.417694,
-0.142395,
0.007019,
0.698730,
0.931854,
-0.099243,
-0.781219,
0.870850,
0.346069,
-0.294647,
-0.000122,
0.238770,
0.554199,
0.961395,
-0.712799,
0.286926,
-0.833588,
-0.908997,
-0.201569,
-0.072876,
0.593933,
-0.330505,
-0.616638,
0.064362,
0.535553,
-0.430511,
-0.419403,
-0.755463,
-0.566223,
0.336578,
-0.966583,
0.362732,
-0.202667,
0.734283,
-0.237823,
-0.735229,
0.318695,
0.597229,
-0.858154,
0.653534,
-0.694794,
0.293091,
-0.966858,
-0.590149,
-0.772400,
-0.477173,
0.303589,
-0.162994,
-0.194672,
0.083588,
-0.357941,
-0.045135,
0.115814,
-0.065094,
0.986908,
0.679688,
0.668976,
0.740204,
0.399261,
0.633514,
0.836517,
0.755615,
-0.920532,
0.142029,
-0.859344,
0.928070,
-0.052002,
0.213074,
-0.301666,
0.207886,
0.874512,
-0.361420,
-0.020874,
0.362396,
0.079285,
-0.896057,
0.790527,
-0.730896,
-0.106720,
-0.739502,
0.754059,
0.310394,
-0.492828,
-0.649323,
-0.452393,
-0.317719,
-0.343292,
-0.911377,
0.095123,
-0.532532,
-0.559753,
0.928436,
0.342865,
0.018280,
-0.714417,
-0.697845,
-0.811798,
0.046021,
0.740387,
0.887024,
-0.526276,
0.731384,
-0.227997,
-0.215881,
0.143097,
-0.432251,
0.051605,
0.523468,
-0.847961,
-0.519043,
0.748260,
-0.491547,
0.902283,
-0.831818,
0.625000,
0.728302,
-0.432404,
-0.104187,
0.055695,
0.123566,
-0.321167,
0.473419,
0.109344,
0.592987,
0.948822,
-0.104980,
-0.376587,
-0.631744,
0.337585,
0.657471,
-0.348053,
-0.938019,
0.548950,
0.893463,
