0.000228,
0.000102,
-0.002398,
0.009878,
-0.026662,
0.034017,
-0.201552,
-1.333664,
-1.452616,
-0.759865,
-0.033964,
0.079390,
-0.213911,
-0.077192,
-0.461607,
-0.566312,
1.034047,
0.589897,
0.901409,
-1.828939,
-0.093273,
-0.062152,
0.836282,
0.135489,
0.146428,
0.440298,
1.215997,
-0.577613,
0.101062,
0.029687,
-1.679426,
-0.452082,
-0.717650,
-0.863418,
-0.332386,
-0.133410,
-0.287001,
-0.365334,
-0.489355,
0.812156,
1.183084,
-0.688079,
-0.180633,
-0.154679,
0.423593,
0.993582,
1.062198,
-0.329009,
0.268265,
1.276623,
-0.070780,
0.415467,
-0.058582,
-0.049617,
0.161242,
-0.800595,
0.326562,
0.887689,
-0.111054,
0.605155,
0.808925,
-0.575515,
0.519311,
-0.033072,
1.736258,
-1.057738,
-2.233666,
-0.548180,
0.821272,
0.089042,
-0.744318,
1.155643,
-0.653337,
0.131715,
0.444246,
1.055786,
-1.193036,
-1.725550,
-1.634785,
0.418734,
-1.412737,
0.459667,
-0.468673,
-0.493991,
0.602594,
0.950533,
-0.324665,
0.717883,
-2.094551,
-0.199821,
0.095130,
0.803638,
-0.103201,
0.851109,
-0.795075,
-0.798330,
0.100800,
-0.839896,
-0.158976,
0.115769,
0.649319,
-1.111391,
1.605117,
0.646954,
-1.174687,
1.653578,
1.095360,
0.580400,
-0.277445,
0.835023,
1.262838,
0.307931,
-1.299963,
-1.100330,
0.867603,
-0.732392,
-1.315671,
0.168948,
0.709862,
1.361691,
1.074436,
0.247805,
0.152609,
-0.541158,
-0.394673,
0.489992,
0.437652,
0.101759,
-0.150771,
-0.419321,
0.672855,
0.031773,
1.081958,
0.936975,
-0.006834,
0.157591,
1.325383,
0.980585,
0.298566,
-0.116675,
-0.428853,
-0.477949,
0.679759,
0.615915,
-0.953088,
0.943652,
1.557021,
-0.693131,
0.407358,
0.822629,
0.501999,
0.660594,
-0.084895,
-1.371200,
-0.394692,
0.265141,
1.296042,
-0.043528,
-0.695352,
-0.649627,
0.282558,
1.150408,
-1.701856,
0.125274,
-0.574903,
0.296532,
-0.133959,
-0.991048,
-0.405730,
-0.110816,
0.202796,
-0.486820,
0.288971,
-0.871502,
0.782847,
0.895917,
1.755670,
0.505028,
-0.077351,
0.886449,
-0.269375,
0.427753,
-0.736203,
0.192938,
0.630839,
0.920015,
-0.627524,
1.105222,
1.282941,
0.677744,
-0.967978,
-1.309824,
-0.567678,
-0.402243,
1.298961,
-0.851819,
0.843594,
-0.410739,
-0.532624,
-0.103413,
-0.951761,
0.153107,
-1.049799,
0.796787,
0.090469,
0.891959,
0.558766,
-0.291888,
0.802451,
-1.242188,
-1.106544,
0.191974,
1.130018,
0.171732,
0.706495,
0.292272,
-2.002737,
-1.216750,
-1.274382,
-0.234769,
0.510404,
-0.279958,
0.217111,
0.610922,
-0.239696,
-0.327790,
-0.938852,
-0.532159,
1.793387,
0.764466,
-1.687305,
0.492214,
1.635520,
1.129856,
0.065493,
-1.433859,
-0.187111,
-0.620928,
0.759359,
-0.135684,
0.138701,
0.096672,
0.203658,
0.095769,
0.349231,
-0.778667,
0.725719,
0.465406,
-0.103617,
-1.125312,
-0.206878,
0.788118,
-0.815414,
1.077242,
1.903312,
-0.633101,
-1.368342,
-0.665055,
0.312266,
-0.115692,
-0.094010,
-0.846951,
-0.907080,
0.375385,
-0.711559,
1.384254,
1.057330,
1.532041,
-1.382576,
-1.527450,
0.280845,
0.414423,
1.254156,
0.938631,
-0.492040,
-0.983894,
0.721355,
-0.652438,
-1.277800,
0.784305,
-0.426668,
0.159143,
-0.054321,
-1.136537,
1.063268,
-1.144097,
-0.312154,
-0.138696,
0.275165,
0.996286,
-0.888100,
0.956287,
1.040152,
-0.050899,
-0.053348,
0.377561,
0.006263,
0.012355,
0.585582,
-0.231404,
-0.246855,
0.738267,
-0.552583,
-1.290687,
-1.241343,
-0.992098,
0.564344,
-1.624634,
0.963563,
0.219184,
0.155003,
1.206785,
-0.151890,
-0.006206,
-0.881370,
-0.523703,
-0.452730,
0.340691,
-0.174613,
0.805613,
-0.008085,
0.661282,
0.734808,
-0.321159,
-0.230387,
-1.095401,
0.158747,
0.119450,
-1.141550,
-1.135761,
-0.575560,
-0.817241,
0.248735,
-0.155812,
-0.622108,
-0.130367,
0.085709,
-0.699692,
0.486397,
-0.020476,
-0.079517,
0.237263,
0.705831,
0.906379,
-0.869172,
1.553973,
0.456303,
0.592909,
0.570407,
0.723575,
-0.632323,
0.596272,
-0.264847,
-1.543579,
0.928308,
-0.898249,
-0.678767,
-0.253099,
0.179338,
0.173155,
-0.214689,
-0.638580,
0.477967,
0.687440,
0.360728,
-0.717062,
0.871666,
0.603206,
0.339521,
-0.291596,
0.764573,
-0.148915,
0.037865,
0.725546,
1.045270,
-0.128319,
-0.287496,
-0.230718,
0.659407,
0.213075,
-0.045106,
-0.079561,
1.289312,
0.468577,
0.295760,
-0.482492,
0.458635,
-1.440683,
-1.186001,
0.800081,
0.560042,
0.973659,
0.316883,
-0.715169,
-1.007155,
-0.617824,
0.628644,
0.786155,
0.495716,
0.316334,
0.134182,
-0.397668,
-0.081319,
0.194007,
-0.249015,
1.204128,
-0.086757,
0.840313,
0.377095,
0.389262,
-0.952015,
-0.441942,
0.858058,
-0.787565,
-0.681244,
0.897438,
-0.120211,
-0.366653,
-0.595230,
-0.944285,
0.881988,
-0.080314,
-0.997465,
0.489338,
-0.540257,
-0.269826,
-1.140634,
0.838090,
0.431003,
-0.777487,
-0.013289,
1.040440,
-0.949677,
1.635074,
0.376164,
-0.168686,
0.019940,
0.384424,
1.188424,
0.399305,
-0.029588,
-1.197426,
-0.521910,
-1.124954,
-0.869107,
0.485783,
-0.681737,
0.459750,
0.185655,
-0.733994,
-0.340751,
-0.820949,
0.470258,
0.516218,
0.795406,
-0.010712,
-0.134392,
0.368441,
0.544704,
-0.333159,
-0.974475,
-0.438135,
1.485934,
0.571409,
0.770276,
-0.309970,
-1.066942,
-0.035963,
0.423696,
0.473104,
-1.045561,
-1.264779,
-0.737183,
0.516527,
-0.064402,
0.259035,
-1.361076,
0.234773,
0.034142,
-1.307348,
-0.854116,
-0.008444,
-1.946480,
-0.919964,
-0.241934,
0.286458,
1.763467,
0.371869,
-1.595980,
0.355827,
0.505289,
0.714481,
0.466294,
-0.944616,
-0.206320,
-0.561029,
-0.683837,
-0.092073,
-0.214783,
-0.354375,
