0.000478,
-0.003360,
0.012945,
-0.036185,
0.090013,
-0.290701,
0.849175,
0.949488,
-1.134868,
-1.449000,
0.014974,
0.645469,
-0.224821,
-1.578326,
-1.093177,
-0.296159,
0.348776,
0.428914,
-0.661958,
1.251113,
0.823986,
-1.837413,
-0.003910,
-0.478298,
-0.496825,
0.660819,
-1.152011,
1.242989,
1.202715,
0.712162,
-0.081792,
0.591972,
-0.144480,
1.029102,
0.036358,
0.448556,
-0.977061,
0.385134,
-0.086736,
-0.281507,
0.043449,
-0.418063,
0.970921,
0.509050,
0.284580,
0.568171,
0.605523,
-0.897163,
-0.390169,
-1.435277,
0.537593,
0.836772,
0.269666,
-0.277213,
0.465295,
0.632175,
-0.824597,
-0.308693,
1.082733,
0.968498,
0.794893,
-0.746697,
0.003386,
-1.128473,
-0.500469,
-0.966629,
-0.657601,
0.665527,
0.349789,
0.210132,
-0.569110,
-0.851009,
0.070688,
-0.131065,
1.523003,
0.240914,
-0.640396,
0.326504,
0.492342,
0.782823,
-0.471330,
1.456141,
-0.439249,
-0.982215,
0.692121,
0.655776,
-1.295378,
-1.095742,
0.484795,
0.583046,
-1.079915,
-0.848888,
-0.923604,
0.660175,
0.171378,
1.070456,
-0.099320,
-0.039067,
0.785349,
0.777090,
0.524362,
0.057978,
0.178099,
0.484653,
-0.848022,
1.161377,
1.231402,
0.325300,
-0.782091,
0.735933,
0.960044,
-1.027856,
-1.181939,
-0.317812,
1.519913,
-0.314147,
-0.285764,
0.746092,
-0.408533,
0.069313,
-0.290124,
0.125679,
0.201198,
-0.533024,
0.564970,
-1.600525,
-1.414202,
0.949189,
0.881523,
0.525585,
-0.468834,
0.454376,
-0.281837,
0.182096,
-0.018664,
-0.946384,
0.553284,
0.219651,
0.105492,
-0.586740,
0.158311,
0.354905,
-0.209911,
-0.512990,
-1.584460,
-0.512291,
0.763498,
-0.647444,
0.066833,
-1.621064,
1.073046,
1.268467,
0.281298,
0.699671,
0.462906,
-0.435028,
-0.118071,
0.833857,
-0.010961,
0.615948,
-0.021626,
-0.713342,
-0.776966,
0.670127,
0.832727,
0.359636,
1.652298,
-0.690159,
-0.735424,
0.435127,
-1.058005,
-0.814044,
-0.617335,
-0.049639,
-0.100980,
0.470001,
0.681404,
-0.160485,
1.093942,
1.141099,
-0.237195,
0.119304,
-1.197358,
0.092124,
-0.529096,
0.921433,
0.411971,
-0.526212,
1.292471,
0.861609,
2.209656,
-0.686178,
-1.936316,
-0.036369,
0.504289,
0.224527,
-0.946033,
0.828500,
-0.488028,
-1.205918,
0.429111,
0.613561,
-0.471118,
1.007267,
1.310025,
1.082950,
-0.023177,
0.185147,
1.489666,
-0.447128,
-1.375295,
0.607969,
0.559989,
0.925189,
1.171019,
-2.154166,
-1.260405,
-1.034990,
0.748779,
-0.302067,
-0.255482,
0.336683,
1.744700,
0.043709,
-1.124922,
0.192778,
1.248659,
0.877658,
0.409559,
-0.460316,
-0.933726,
-1.244028,
-0.902225,
0.897382,
0.070308,
-1.010005,
1.360640,
-0.527331,
-1.602680,
-1.357552,
-1.026425,
-0.304134,
-0.545072,
0.067519,
0.480566,
-0.556936,
-0.557826,
1.597705,
0.360846,
1.022239,
-0.711880,
-0.613436,
-0.347976,
1.105430,
0.846272,
0.262336,
0.220443,
-0.377528,
-0.675266,
0.589098,
-0.998401,
0.566164,
0.640950,
-1.073334,
-0.646355,
1.112348,
0.829744,
0.496921,
-0.275458,
-1.677219,
-0.935847,
0.247449,
-0.147838,
-1.013174,
-1.201324,
-0.138648,
-0.430465,
-1.492035,
1.626720,
-0.620537,
0.289890,
1.394356,
1.140592,
0.419898,
0.199241,
0.600677,
0.772633,
0.184889,
-0.177454,
0.649945,
0.333301,
-0.505264,
-0.928980,
0.671963,
-0.165800,
-1.043801,
-0.417210,
-0.730854,
0.106524,
1.839762,
0.903191,
-0.017527,
-0.488004,
0.661240,
0.464238,
0.387178,
-0.398839,
0.633366,
0.254630,
0.000364,
-0.772259,
0.800229,
-0.741374,
-0.854300,
-0.643791,
0.909158,
1.412442,
0.215602,
0.473418,
0.037223,
0.362440,
-0.839555,
0.013994,
0.450649,
0.072772,
1.267414,
-1.305136,
0.686373,
0.868496,
-0.047876,
0.288195,
-1.024294,
1.040383,
0.038551,
-0.210016,
0.012722,
-0.574027,
1.223708,
0.400325,
0.698333,
0.757033,
-0.285826,
0.466348,
0.462828,
0.892853,
0.354311,
-1.861398,
-1.206996,
-0.520263,
-0.601382,
1.782630,
0.442671,
0.033851,
0.861840,
1.182997,
0.289305,
0.951936,
0.560413,
-0.089983,
0.103116,
-1.216318,
-0.229749,
-0.126790,
-0.007401,
0.632487,
0.172188,
0.259084,
1.108004,
-0.787764,
0.069432,
-0.564038,
0.958221,
0.906299,
0.722825,
0.037392,
-0.778080,
0.932710,
0.507538,
-0.138126,
1.432328,
0.626717,
-0.134325,
0.027009,
0.025327,
-1.969078,
-1.122852,
0.375293,
-0.126593,
-0.326379,
-1.607018,
0.151957,
0.341299,
-0.150338,
1.498570,
-0.451064,
0.448839,
1.174184,
0.305290,
1.693971,
0.249293,
1.000040,
0.922126,
1.400182,
-0.393164,
0.899098,
0.908925,
-0.365363,
1.078516,
0.811898,
-1.415616,
-0.195236,
0.678308,
-0.311317,
0.267699,
0.253104,
-0.028205,
0.555715,
-0.125881,
-0.544163,
-0.019906,
0.561851,
0.025483,
-0.465624,
-0.764795,
-0.172943,
0.533083,
0.633504,
1.211306,
-0.210006,
0.794978,
-0.070149,
0.185454,
0.885159,
-0.213860,
-0.890412,
-0.275088,
-0.387699,
0.229944,
-0.096642,
-0.434559,
0.196391,
0.631555,
0.088935,
0.214047,
-0.262105,
1.142255,
-0.139025,
0.810627,
0.446106,
0.597490,
0.523076,
0.619386,
-1.536987,
-0.301702,
0.551941,
0.274392,
-0.051652,
0.632534,
-0.038481,
-0.198895,
-1.677418,
-1.084632,
0.659853,
-1.090601,
-0.037922,
1.012388,
1.555536,
0.131716,
-0.230896,
0.238025,
1.472125,
-0.581625,
-0.267162,
0.982065,
0.164458,
1.245564,
-0.858879,
-0.205878,
-0.962179,
0.254335,
0.490635,
0.525011,
0.515102,
-1.084031,
0.048698,
0.188059,
1.568208,
1.074319,
1.103520,
0.228112,
-0.343731,
-1.653210,
-0.185170,
-1.444415,
-0.251086,
0.100732,
0.045590,
1.209363,
-0.334407,
-0.509748,
